EM6 Datafile
Version 2.2
 0 
 1 



 55 
1, 23, 418
2, 31, 564
3, 25, 455
4, 24, 436
5, 36, 655
6, 26, 473
7, 30, 545
8, 19, 345
9, 31, 564
10, 34, 618
11, 21, 382
12, 25, 455
13, 29, 527
14, 28, 509
15, 33, 600
16, 28, 509
17, 28, 509
18, 14, 255
19, 26, 473
20, 25, 455
21, 31, 564
22, 20, 364
23, 38, 691
24, 21, 382
25, 26, 473
26, 36, 655
27, 24, 436
28, 24, 436
29, 13, 236
30, 37, 673
31, 27, 491
32, 42, 764
33, 34, 618
34, 38, 691
35, 26, 473
36, 26, 473
37, 27, 491
38, 22, 400
39, 31, 564
40, 23, 418
41, 30, 545
42, 44, 800
43, 34, 618
44, 30, 545
45, 34, 618
46, 30, 545
47, 27, 491
48, 35, 636
49, 27, 491
50, 14, 255
51, 28, 509
52, 25, 455
53, 49, 891
54, 26, 473
55, 36, 655
56, 34, 618
57, 26, 473
58, 26, 473
59, 23, 418
60, 35, 636
61, 36, 655
62, 26, 473
63, 35, 636
64, 35, 636
65, 41, 745
66, 37, 673
67, 30, 545
68, 25, 455
69, 24, 436
70, 31, 564
71, 33, 600
72, 39, 709
73, 34, 618
74, 37, 673
75, 40, 727
76, 35, 636
77, 30, 545
78, 42, 764
79, 28, 509
80, 33, 600
81, 42, 764
82, 40, 727
83, 36, 655
84, 46, 836
85, 49, 891
86, 32, 582
87, 43, 782
88, 36, 655
89, 28, 509
90, 43, 782
91, 51, 927
92, 49, 891
93, 33, 600
94, 53, 964
95, 46, 836
96, 57, 1036
97, 43, 782
98, 28, 509
99, 51, 927
100, 45, 818
101, 41, 745
102, 30, 545
103, 33, 600
104, 43, 782
105, 31, 564
106, 23, 418
107, 62, 1127
108, 35, 636
109, 41, 745
110, 49, 891
111, 34, 618
112, 43, 782
113, 51, 927
114, 37, 673
115, 64, 1164
116, 57, 1036
117, 53, 964
118, 41, 745
119, 45, 818
120, 26, 473
121, 61, 1109
122, 55, 1000
123, 40, 727
124, 36, 655
125, 52, 945
126, 53, 964
127, 58, 1055
128, 68, 1236
129, 58, 1055
130, 68, 1236
131, 69, 1255
132, 46, 836
133, 43, 782
134, 62, 1127
135, 42, 764
136, 62, 1127
137, 49, 891
138, 67, 1218
139, 60, 1091
140, 67, 1218
141, 37, 673
142, 50, 909
143, 55, 1000
144, 45, 818
145, 51, 927
146, 56, 1018
147, 70, 1273
148, 55, 1000
149, 67, 1218
150, 58, 1055
151, 67, 1218
152, 73, 1327
153, 64, 1164
154, 63, 1145
155, 59, 1073
156, 59, 1073
157, 61, 1109
158, 53, 964
159, 76, 1382
160, 77, 1400
161, 69, 1255
162, 54, 982
163, 71, 1291
164, 80, 1455
165, 82, 1491
166, 57, 1036
167, 82, 1491
168, 60, 1091
169, 60, 1091
170, 68, 1236
171, 79, 1436
172, 67, 1218
173, 73, 1327
174, 69, 1255
175, 59, 1073
176, 86, 1564
177, 87, 1582
178, 70, 1273
179, 60, 1091
180, 63, 1145
181, 79, 1436
182, 80, 1455
183, 65, 1182
184, 85, 1545
185, 72, 1309
186, 84, 1527
187, 85, 1545
188, 76, 1382
189, 74, 1345
190, 82, 1491
191, 91, 1655
192, 82, 1491
193, 68, 1236
194, 74, 1345
195, 74, 1345
196, 78, 1418
197, 95, 1727
198, 96, 1745
199, 106, 1927
200, 99, 1800
201, 88, 1600
202, 77, 1400
203, 83, 1509
204, 115, 2091
205, 77, 1400
206, 92, 1673
207, 83, 1509
208, 92, 1673
209, 91, 1655
210, 101, 1836
211, 92, 1673
212, 100, 1818
213, 86, 1564
214, 95, 1727
215, 111, 2018
216, 67, 1218
217, 80, 1455
218, 92, 1673
219, 85, 1545
220, 107, 1945
221, 94, 1709
222, 86, 1564
223, 91, 1655
224, 102, 1855
225, 93, 1691
226, 89, 1618
227, 85, 1545
228, 113, 2055
229, 91, 1655
230, 104, 1891
231, 92, 1673
232, 97, 1764
233, 103, 1873
234, 92, 1673
235, 102, 1855
236, 105, 1909
237, 84, 1527
238, 103, 1873
239, 93, 1691
240, 128, 2327
241, 123, 2236
242, 99, 1800
243, 98, 1782
244, 90, 1636
245, 85, 1545
246, 92, 1673
247, 85, 1545
248, 92, 1673
249, 90, 1636
250, 89, 1618
251, 77, 1400
252, 79, 1436
253, 97, 1764
254, 76, 1382
255, 90, 1636
256, 88, 1600
257, 86, 1564
258, 89, 1618
259, 73, 1327
260, 75, 1364
261, 73, 1327
262, 73, 1327
263, 89, 1618
264, 74, 1345
265, 83, 1509
266, 85, 1545
267, 76, 1382
268, 79, 1436
269, 60, 1091
270, 67, 1218
271, 64, 1164
272, 69, 1255
273, 59, 1073
274, 52, 945
275, 67, 1218
276, 48, 873
277, 49, 891
278, 46, 836
279, 49, 891
280, 50, 909
281, 60, 1091
282, 55, 1000
283, 57, 1036
284, 42, 764
285, 43, 782
286, 35, 636
287, 57, 1036
288, 29, 527
289, 38, 691
290, 43, 782
291, 35, 636
292, 30, 545
293, 36, 655
294, 34, 618
295, 36, 655
296, 27, 491
297, 33, 600
298, 36, 655
299, 27, 491
300, 30, 545
301, 30, 545
302, 32, 582
303, 28, 509
304, 21, 382
305, 28, 509
306, 30, 545
307, 24, 436
308, 25, 455
309, 35, 636
310, 22, 400
311, 26, 473
312, 27, 491
313, 13, 236
314, 21, 382
315, 13, 236
316, 22, 400
317, 17, 309
318, 18, 327
319, 23, 418
320, 19, 345
321, 23, 418
322, 31, 564
323, 18, 327
324, 28, 509
325, 40, 727
326, 24, 436
327, 14, 255
328, 23, 418
329, 27, 491
330, 25, 455
331, 24, 436
332, 24, 436
333, 20, 364
334, 26, 473
335, 19, 345
336, 20, 364
337, 25, 455
338, 15, 273
339, 17, 309
340, 22, 400
341, 26, 473
342, 9, 164
343, 19, 345
344, 21, 382
345, 21, 382
346, 18, 327
347, 11, 200
348, 19, 345
349, 17, 309
350, 15, 273
351, 29, 527
352, 12, 218
353, 14, 255
354, 16, 291
355, 20, 364
356, 31, 564
357, 19, 345
358, 25, 455
359, 24, 436
360, 31, 564
361, 15, 273
362, 16, 291
363, 11, 200
364, 17, 309
365, 14, 255
366, 17, 309
367, 35, 636
368, 16, 291
369, 17, 309
370, 23, 418
371, 22, 400
372, 16, 291
373, 18, 327
374, 24, 436
375, 20, 364
376, 35, 636
377, 12, 218
378, 15, 273
379, 27, 491
380, 15, 273
381, 15, 273
382, 31, 564
383, 9, 164
384, 23, 418
385, 25, 455
386, 19, 345
387, 20, 364
388, 26, 473
389, 19, 345
390, 13, 236
391, 16, 291
392, 16, 291
393, 17, 309
394, 18, 327
395, 27, 491
396, 15, 273
397, 20, 364
398, 20, 364
399, 21, 382
400, 21, 382
401, 20, 364
