EM6 Datafile
Version 2.2
 0 
 1 



 55 
1, 11, 200
2, 3, 55
3, 5, 91
4, 8, 145
5, 11, 200
6, 5, 91
7, 10, 182
8, 5, 91
9, 6, 109
10, 11, 200
11, 8, 145
12, 9, 164
13, 13, 236
14, 13, 236
15, 17, 309
16, 5, 91
17, 13, 236
18, 8, 145
19, 13, 236
20, 9, 164
21, 7, 127
22, 7, 127
23, 22, 400
24, 10, 182
25, 10, 182
26, 11, 200
27, 5, 91
28, 10, 182
29, 9, 164
30, 16, 291
31, 17, 309
32, 4, 73
33, 9, 164
34, 11, 200
35, 7, 127
36, 7, 127
37, 9, 164
38, 7, 127
39, 17, 309
40, 13, 236
41, 10, 182
42, 6, 109
43, 16, 291
44, 6, 109
45, 9, 164
46, 6, 109
47, 4, 73
48, 9, 164
49, 10, 182
50, 12, 218
51, 7, 127
52, 7, 127
53, 6, 109
54, 16, 291
55, 10, 182
56, 8, 145
57, 9, 164
58, 6, 109
59, 25, 455
60, 13, 236
61, 9, 164
62, 14, 255
63, 13, 236
64, 11, 200
65, 8, 145
66, 16, 291
67, 11, 200
68, 9, 164
69, 19, 345
70, 18, 327
71, 9, 164
72, 7, 127
73, 10, 182
74, 12, 218
75, 10, 182
76, 21, 382
77, 19, 345
78, 17, 309
79, 9, 164
80, 10, 182
81, 18, 327
82, 9, 164
83, 13, 236
84, 11, 200
85, 14, 255
86, 9, 164
87, 11, 200
88, 18, 327
89, 12, 218
90, 41, 745
91, 19, 345
92, 8, 145
93, 26, 473
94, 24, 436
95, 17, 309
96, 25, 455
97, 29, 527
98, 39, 709
99, 33, 600
100, 31, 564
101, 33, 600
102, 32, 582
103, 29, 527
104, 40, 727
105, 35, 636
106, 31, 564
107, 40, 727
108, 26, 473
109, 39, 709
110, 30, 545
111, 39, 709
112, 25, 455
113, 35, 636
114, 35, 636
115, 28, 509
116, 20, 364
117, 26, 473
118, 36, 655
119, 40, 727
120, 24, 436
121, 36, 655
122, 33, 600
123, 56, 1018
124, 64, 1164
125, 60, 1091
126, 57, 1036
127, 47, 855
128, 45, 818
129, 54, 982
130, 75, 1364
131, 58, 1055
132, 41, 745
133, 74, 1345
134, 43, 782
135, 55, 1000
136, 92, 1673
137, 78, 1418
138, 66, 1200
139, 83, 1509
140, 40, 727
141, 79, 1436
142, 57, 1036
143, 63, 1145
144, 55, 1000
145, 110, 2000
146, 74, 1345
147, 95, 1727
148, 43, 782
149, 96, 1745
150, 51, 927
151, 74, 1345
152, 80, 1455
153, 100, 1818
154, 70, 1273
155, 111, 2018
156, 60, 1091
157, 107, 1945
158, 91, 1655
159, 126, 2291
160, 81, 1473
161, 103, 1873
162, 83, 1509
163, 139, 2527
164, 70, 1273
165, 92, 1673
166, 37, 673
167, 120, 2182
168, 76, 1382
169, 113, 2055
170, 68, 1236
171, 104, 1891
172, 60, 1091
173, 109, 1982
174, 57, 1036
175, 115, 2091
176, 62, 1127
177, 106, 1927
178, 69, 1255
179, 108, 1964
180, 59, 1073
181, 102, 1855
182, 62, 1127
183, 113, 2055
184, 50, 909
185, 96, 1745
186, 64, 1164
187, 97, 1764
188, 65, 1182
189, 105, 1909
190, 55, 1000
191, 98, 1782
192, 63, 1145
193, 76, 1382
194, 52, 945
195, 83, 1509
196, 57, 1036
197, 74, 1345
198, 61, 1109
199, 65, 1182
200, 57, 1036
201, 65, 1182
202, 70, 1273
203, 60, 1091
204, 61, 1109
205, 49, 891
206, 61, 1109
207, 46, 836
208, 71, 1291
209, 47, 855
210, 53, 964
211, 41, 745
212, 32, 582
213, 51, 927
214, 58, 1055
215, 35, 636
216, 43, 782
217, 35, 636
218, 61, 1109
219, 35, 636
220, 58, 1055
221, 42, 764
222, 41, 745
223, 28, 509
224, 60, 1091
225, 27, 491
226, 41, 745
227, 44, 800
228, 42, 764
229, 24, 436
230, 53, 964
231, 22, 400
232, 29, 527
233, 28, 509
234, 42, 764
235, 15, 273
236, 42, 764
237, 28, 509
238, 29, 527
239, 31, 564
240, 44, 800
241, 31, 564
242, 30, 545
243, 24, 436
244, 51, 927
245, 28, 509
246, 41, 745
247, 19, 345
248, 51, 927
249, 28, 509
250, 36, 655
251, 21, 382
252, 36, 655
253, 21, 382
254, 45, 818
255, 22, 400
256, 30, 545
257, 27, 491
258, 34, 618
259, 47, 855
260, 76, 1382
261, 22, 400
262, 41, 745
263, 10, 182
264, 31, 564
265, 16, 291
266, 20, 364
267, 26, 473
268, 27, 491
269, 24, 436
270, 28, 509
271, 18, 327
272, 31, 564
273, 38, 691
274, 34, 618
275, 19, 345
276, 26, 473
277, 19, 345
278, 26, 473
279, 35, 636
280, 36, 655
281, 24, 436
282, 28, 509
283, 39, 709
284, 38, 691
285, 26, 473
286, 25, 455
287, 21, 382
288, 19, 345
289, 12, 218
290, 43, 782
291, 23, 418
292, 15, 273
293, 36, 655
294, 26, 473
295, 22, 400
296, 22, 400
297, 21, 382
298, 18, 327
299, 24, 436
300, 11, 200
301, 34, 618
302, 28, 509
303, 31, 564
304, 23, 418
305, 21, 382
306, 20, 364
307, 24, 436
308, 27, 491
309, 20, 364
310, 23, 418
311, 18, 327
312, 30, 545
313, 27, 491
314, 16, 291
315, 27, 491
316, 14, 255
317, 27, 491
318, 21, 382
319, 29, 527
320, 15, 273
321, 27, 491
322, 17, 309
323, 24, 436
324, 13, 236
325, 42, 764
326, 19, 345
327, 31, 564
328, 30, 545
329, 20, 364
330, 20, 364
331, 20, 364
332, 22, 400
333, 25, 455
334, 24, 436
335, 23, 418
336, 13, 236
337, 29, 527
338, 17, 309
339, 15, 273
340, 16, 291
341, 19, 345
342, 12, 218
343, 26, 473
344, 17, 309
345, 14, 255
346, 14, 255
347, 21, 382
348, 15, 273
349, 37, 673
350, 16, 291
351, 23, 418
352, 9, 164
353, 26, 473
354, 10, 182
355, 21, 382
356, 18, 327
357, 29, 527
358, 11, 200
359, 16, 291
360, 6, 109
361, 13, 236
362, 15, 273
363, 23, 418
364, 21, 382
365, 15, 273
366, 7, 127
367, 19, 345
368, 8, 145
369, 13, 236
370, 18, 327
371, 22, 400
372, 7, 127
373, 7, 127
374, 9, 164
375, 14, 255
376, 17, 309
377, 15, 273
378, 22, 400
379, 14, 255
380, 24, 436
381, 32, 582
382, 7, 127
383, 10, 182
384, 8, 145
385, 18, 327
386, 6, 109
387, 8, 145
388, 8, 145
389, 15, 273
390, 8, 145
391, 21, 382
392, 7, 127
393, 16, 291
394, 11, 200
395, 13, 236
396, 12, 218
397, 9, 164
398, 19, 345
399, 22, 400
400, 17, 309
401, 15, 273
402, 9, 164
