EM6 Datafile
Version 2.2
 0 
 1 



 55 
1, 27, 491
2, 66, 1200
3, 53, 964
4, 45, 818
5, 46, 836
6, 38, 691
7, 43, 782
8, 52, 945
9, 39, 709
10, 44, 800
11, 44, 800
12, 34, 618
13, 40, 727
14, 38, 691
15, 34, 618
16, 47, 855
17, 36, 655
18, 30, 545
19, 26, 473
20, 53, 964
21, 32, 582
22, 34, 618
23, 33, 600
24, 42, 764
25, 29, 527
26, 36, 655
27, 29, 527
28, 28, 509
29, 37, 673
30, 48, 873
31, 37, 673
32, 39, 709
33, 45, 818
34, 36, 655
35, 37, 673
36, 31, 564
37, 24, 436
38, 52, 945
39, 33, 600
40, 39, 709
41, 37, 673
42, 49, 891
43, 26, 473
44, 41, 745
45, 39, 709
46, 39, 709
47, 31, 564
48, 41, 745
49, 41, 745
50, 45, 818
51, 30, 545
52, 51, 927
53, 39, 709
54, 45, 818
55, 60, 1091
56, 39, 709
57, 32, 582
58, 37, 673
59, 42, 764
60, 27, 491
61, 34, 618
62, 42, 764
63, 39, 709
64, 44, 800
65, 35, 636
66, 53, 964
67, 36, 655
68, 45, 818
69, 67, 1218
70, 51, 927
71, 28, 509
72, 68, 1236
73, 40, 727
74, 32, 582
75, 46, 836
76, 48, 873
77, 55, 1000
78, 46, 836
79, 53, 964
80, 39, 709
81, 49, 891
82, 40, 727
83, 51, 927
84, 39, 709
85, 43, 782
86, 60, 1091
87, 63, 1145
88, 51, 927
89, 44, 800
90, 40, 727
91, 39, 709
92, 47, 855
93, 37, 673
94, 47, 855
95, 44, 800
96, 63, 1145
97, 55, 1000
98, 57, 1036
99, 59, 1073
100, 45, 818
101, 54, 982
102, 38, 691
103, 65, 1182
104, 60, 1091
105, 47, 855
106, 65, 1182
107, 42, 764
108, 62, 1127
109, 90, 1636
110, 61, 1109
111, 62, 1127
112, 46, 836
113, 56, 1018
114, 71, 1291
115, 41, 745
116, 65, 1182
117, 67, 1218
118, 64, 1164
119, 67, 1218
120, 78, 1418
121, 68, 1236
122, 47, 855
123, 75, 1364
124, 70, 1273
125, 62, 1127
126, 63, 1145
127, 71, 1291
128, 55, 1000
129, 97, 1764
130, 92, 1673
131, 63, 1145
132, 50, 909
133, 95, 1727
134, 54, 982
135, 73, 1327
136, 61, 1109
137, 64, 1164
138, 56, 1018
139, 74, 1345
140, 88, 1600
141, 71, 1291
142, 40, 727
143, 59, 1073
144, 77, 1400
145, 48, 873
146, 78, 1418
147, 79, 1436
148, 66, 1200
149, 95, 1727
150, 72, 1309
151, 78, 1418
152, 96, 1745
153, 59, 1073
154, 71, 1291
155, 82, 1491
156, 93, 1691
157, 93, 1691
158, 90, 1636
159, 111, 2018
160, 65, 1182
161, 89, 1618
162, 72, 1309
163, 87, 1582
164, 77, 1400
165, 70, 1273
166, 131, 2382
167, 109, 1982
168, 77, 1400
169, 102, 1855
170, 101, 1836
171, 85, 1545
172, 82, 1491
173, 70, 1273
174, 89, 1618
175, 79, 1436
176, 111, 2018
177, 110, 2000
178, 128, 2327
179, 116, 2109
180, 105, 1909
181, 63, 1145
182, 106, 1927
183, 80, 1455
184, 84, 1527
185, 85, 1545
186, 103, 1873
187, 98, 1782
188, 135, 2455
189, 143, 2600
190, 132, 2400
191, 115, 2091
192, 85, 1545
193, 102, 1855
194, 116, 2109
195, 82, 1491
196, 90, 1636
197, 122, 2218
198, 110, 2000
199, 126, 2291
200, 110, 2000
201, 117, 2127
202, 101, 1836
203, 96, 1745
204, 111, 2018
205, 89, 1618
206, 155, 2818
207, 165, 3000
208, 138, 2509
209, 141, 2564
210, 137, 2491
211, 122, 2218
212, 110, 2000
213, 102, 1855
214, 124, 2255
215, 112, 2036
216, 128, 2327
217, 153, 2782
218, 146, 2655
219, 147, 2673
220, 102, 1855
221, 104, 1891
222, 79, 1436
223, 105, 1909
224, 119, 2164
225, 106, 1927
226, 174, 3164
227, 137, 2491
228, 152, 2764
229, 135, 2455
230, 150, 2727
231, 100, 1818
232, 100, 1818
233, 139, 2527
234, 119, 2164
235, 130, 2364
236, 185, 3364
237, 150, 2727
238, 157, 2855
239, 172, 3127
240, 163, 2964
241, 126, 2291
242, 139, 2527
243, 120, 2182
244, 120, 2182
245, 157, 2855
246, 191, 3473
247, 186, 3382
248, 143, 2600
249, 148, 2691
250, 135, 2455
251, 124, 2255
252, 89, 1618
253, 128, 2327
254, 167, 3036
255, 155, 2818
256, 160, 2909
257, 160, 2909
258, 170, 3091
259, 164, 2982
260, 186, 3382
261, 128, 2327
262, 130, 2364
263, 128, 2327
264, 148, 2691
265, 103, 1873
266, 142, 2582
267, 202, 3673
268, 141, 2564
269, 179, 3255
270, 170, 3091
271, 167, 3036
272, 145, 2636
273, 159, 2891
274, 182, 3309
275, 144, 2618
276, 180, 3273
277, 195, 3545
278, 193, 3509
279, 179, 3255
280, 187, 3400
281, 171, 3109
282, 141, 2564
283, 129, 2345
284, 145, 2636
285, 153, 2782
286, 200, 3636
287, 185, 3364
288, 175, 3182
289, 122, 2218
290, 187, 3400
291, 165, 3000
292, 159, 2891
293, 151, 2745
294, 132, 2400
295, 173, 3145
296, 163, 2964
297, 191, 3473
298, 142, 2582
299, 149, 2709
300, 161, 2927
301, 175, 3182
302, 142, 2582
303, 145, 2636
304, 160, 2909
305, 163, 2964
306, 201, 3655
307, 153, 2782
308, 142, 2582
309, 181, 3291
310, 166, 3018
311, 155, 2818
312, 173, 3145
313, 135, 2455
314, 137, 2491
315, 151, 2745
316, 141, 2564
317, 139, 2527
318, 168, 3055
319, 158, 2873
320, 153, 2782
321, 144, 2618
322, 145, 2636
323, 120, 2182
324, 127, 2309
325, 160, 2909
326, 159, 2891
327, 131, 2382
328, 143, 2600
329, 122, 2218
330, 154, 2800
331, 142, 2582
332, 144, 2618
333, 148, 2691
334, 136, 2473
335, 120, 2182
336, 158, 2873
337, 169, 3073
338, 141, 2564
339, 144, 2618
340, 141, 2564
341, 140, 2545
342, 128, 2327
343, 181, 3291
344, 143, 2600
345, 124, 2255
346, 159, 2891
347, 158, 2873
348, 128, 2327
349, 109, 1982
350, 173, 3145
351, 117, 2127
352, 129, 2345
353, 142, 2582
354, 146, 2655
355, 135, 2455
356, 119, 2164
357, 138, 2509
358, 121, 2200
359, 151, 2745
360, 138, 2509
361, 158, 2873
362, 147, 2673
363, 110, 2000
364, 135, 2455
365, 142, 2582
366, 115, 2091
367, 106, 1927
368, 137, 2491
369, 116, 2109
370, 116, 2109
371, 126, 2291
372, 122, 2218
373, 137, 2491
374, 138, 2509
375, 131, 2382
376, 100, 1818
377, 107, 1945
378, 89, 1618
379, 95, 1727
380, 101, 1836
381, 113, 2055
382, 110, 2000
383, 129, 2345
384, 107, 1945
385, 105, 1909
386, 97, 1764
387, 91, 1655
388, 116, 2109
389, 94, 1709
390, 100, 1818
391, 117, 2127
392, 111, 2018
393, 99, 1800
394, 87, 1582
395, 105, 1909
396, 83, 1509
397, 82, 1491
398, 90, 1636
399, 91, 1655
400, 82, 1491
401, 95, 1727
402, 122, 2218
403, 105, 1909
404, 95, 1727
405, 109, 1982
406, 92, 1673
407, 70, 1273
408, 87, 1582
409, 92, 1673
410, 95, 1727
411, 98, 1782
412, 84, 1527
413, 83, 1509
414, 90, 1636
415, 83, 1509
416, 78, 1418
417, 100, 1818
418, 80, 1455
419, 69, 1255
420, 88, 1600
421, 74, 1345
422, 75, 1364
423, 95, 1727
424, 99, 1800
425, 78, 1418
426, 95, 1727
427, 78, 1418
428, 83, 1509
429, 79, 1436
430, 74, 1345
431, 75, 1364
432, 99, 1800
433, 97, 1764
434, 65, 1182
435, 70, 1273
436, 71, 1291
437, 76, 1382
438, 64, 1164
439, 54, 982
440, 74, 1345
441, 71, 1291
442, 68, 1236
443, 67, 1218
444, 69, 1255
445, 65, 1182
446, 73, 1327
447, 54, 982
448, 90, 1636
449, 64, 1164
450, 80, 1455
451, 64, 1164
452, 60, 1091
453, 64, 1164
454, 64, 1164
455, 74, 1345
456, 60, 1091
457, 51, 927
458, 44, 800
459, 54, 982
460, 68, 1236
461, 85, 1545
462, 66, 1200
463, 59, 1073
464, 48, 873
465, 64, 1164
466, 69, 1255
467, 59, 1073
468, 54, 982
469, 43, 782
470, 62, 1127
471, 62, 1127
472, 38, 691
473, 39, 709
474, 40, 727
475, 53, 964
476, 64, 1164
477, 53, 964
478, 61, 1109
479, 63, 1145
480, 57, 1036
481, 46, 836
482, 45, 818
483, 48, 873
484, 45, 818
485, 63, 1145
486, 60, 1091
487, 47, 855
488, 59, 1073
489, 44, 800
490, 51, 927
491, 35, 636
492, 49, 891
493, 46, 836
494, 64, 1164
495, 52, 945
496, 52, 945
497, 48, 873
498, 57, 1036
499, 50, 909
500, 58, 1055
501, 40, 727
502, 48, 873
503, 40, 727
504, 40, 727
505, 38, 691
506, 44, 800
507, 42, 764
508, 63, 1145
509, 39, 709
510, 47, 855
511, 30, 545
512, 42, 764
513, 34, 618
514, 53, 964
515, 44, 800
516, 43, 782
517, 35, 636
518, 37, 673
519, 54, 982
520, 44, 800
521, 38, 691
522, 38, 691
523, 49, 891
524, 41, 745
525, 42, 764
526, 37, 673
527, 52, 945
528, 40, 727
529, 45, 818
530, 40, 727
531, 31, 564
532, 29, 527
533, 40, 727
534, 38, 691
535, 37, 673
536, 38, 691
537, 55, 1000
538, 46, 836
539, 39, 709
540, 39, 709
541, 25, 455
542, 33, 600
543, 32, 582
544, 55, 1000
545, 47, 855
546, 46, 836
547, 33, 600
548, 42, 764
549, 45, 818
550, 54, 982
551, 42, 764
552, 40, 727
553, 27, 491
554, 38, 691
555, 40, 727
556, 32, 582
557, 41, 745
558, 34, 618
559, 45, 818
560, 39, 709
561, 42, 764
562, 22, 400
563, 42, 764
564, 51, 927
565, 39, 709
566, 41, 745
567, 27, 491
568, 33, 600
569, 44, 800
570, 30, 545
571, 37, 673
572, 27, 491
573, 36, 655
574, 38, 691
575, 31, 564
576, 35, 636
577, 40, 727
578, 33, 600
579, 31, 564
580, 46, 836
581, 51, 927
582, 43, 782
583, 44, 800
584, 34, 618
585, 43, 782
586, 53, 964
587, 37, 673
588, 41, 745
589, 27, 491
590, 39, 709
591, 39, 709
592, 32, 582
593, 36, 655
594, 39, 709
595, 42, 764
596, 35, 636
597, 28, 509
598, 42, 764
599, 33, 600
600, 36, 655
601, 35, 636
602, 35, 636
603, 36, 655
604, 40, 727
605, 32, 582
606, 53, 964
607, 38, 691
608, 41, 745
609, 33, 600
610, 28, 509
611, 26, 473
612, 33, 600
613, 31, 564
614, 41, 745
615, 50, 909
616, 47, 855
617, 43, 782
618, 36, 655
619, 28, 509
620, 33, 600
621, 30, 545
622, 35, 636
623, 38, 691
624, 42, 764
625, 32, 582
626, 37, 673
627, 28, 509
628, 33, 600
629, 31, 564
630, 25, 455
631, 30, 545
632, 29, 527
633, 39, 709
634, 41, 745
635, 28, 509
636, 29, 527
637, 17, 309
638, 40, 727
639, 20, 364
640, 24, 436
641, 40, 727
642, 32, 582
643, 41, 745
644, 45, 818
645, 40, 727
646, 16, 291
647, 44, 800
648, 37, 673
649, 54, 982
650, 18, 327
651, 41, 745
652, 30, 545
653, 33, 600
654, 32, 582
655, 45, 818
656, 28, 509
657, 34, 618
658, 31, 564
659, 27, 491
660, 21, 382
661, 23, 418
662, 32, 582
663, 33, 600
664, 31, 564
665, 36, 655
666, 18, 327
667, 22, 400
668, 37, 673
669, 31, 564
670, 38, 691
671, 38, 691
672, 31, 564
673, 57, 1036
674, 35, 636
675, 29, 527
676, 25, 455
677, 37, 673
678, 27, 491
679, 33, 600
680, 23, 418
681, 39, 709
682, 45, 818
683, 36, 655
684, 41, 745
685, 34, 618
686, 27, 491
687, 17, 309
688, 29, 527
689, 35, 636
690, 47, 855
691, 40, 727
692, 38, 691
693, 34, 618
694, 39, 709
695, 58, 1055
696, 26, 473
697, 37, 673
698, 39, 709
699, 25, 455
700, 32, 582
701, 59, 1073
702, 25, 455
703, 40, 727
704, 35, 636
705, 41, 745
706, 21, 382
707, 24, 436
708, 27, 491
709, 27, 491
710, 27, 491
711, 30, 545
712, 55, 1000
713, 34, 618
714, 48, 873
715, 32, 582
716, 26, 473
717, 29, 527
718, 32, 582
719, 24, 436
720, 41, 745
721, 50, 909
722, 36, 655
723, 35, 636
724, 38, 691
725, 35, 636
726, 22, 400
727, 31, 564
728, 28, 509
729, 29, 527
730, 42, 764
731, 38, 691
732, 40, 727
733, 31, 564
734, 32, 582
735, 37, 673
736, 26, 473
737, 33, 600
738, 30, 545
739, 16, 291
740, 25, 455
741, 33, 600
742, 23, 418
743, 42, 764
744, 39, 709
745, 30, 545
746, 20, 364
747, 27, 491
748, 18, 327
749, 24, 436
750, 23, 418
751, 32, 582
752, 46, 836
753, 33, 600
754, 34, 618
755, 39, 709
756, 28, 509
757, 32, 582
758, 25, 455
759, 38, 691
760, 36, 655
761, 37, 673
762, 28, 509
763, 32, 582
764, 34, 618
765, 44, 800
766, 23, 418
767, 22, 400
768, 25, 455
769, 30, 545
770, 25, 455
771, 34, 618
772, 30, 545
773, 31, 564
774, 35, 636
775, 38, 691
776, 26, 473
777, 23, 418
778, 23, 418
779, 31, 564
780, 25, 455
781, 42, 764
782, 23, 418
783, 47, 855
784, 35, 636
785, 28, 509
786, 22, 400
787, 29, 527
788, 32, 582
789, 31, 564
790, 20, 364
791, 37, 673
792, 44, 800
793, 30, 545
794, 51, 927
795, 30, 545
796, 24, 436
797, 25, 455
798, 33, 600
799, 26, 473
800, 37, 673
801, 42, 764
802, 31, 564
803, 26, 473
804, 28, 509
805, 39, 709
806, 17, 309
807, 23, 418
808, 32, 582
809, 33, 600
810, 20, 364
811, 32, 582
812, 45, 818
813, 31, 564
814, 32, 582
815, 34, 618
816, 42, 764
817, 22, 400
818, 30, 545
819, 36, 655
820, 30, 545
821, 25, 455
822, 26, 473
823, 33, 600
824, 33, 600
825, 27, 491
826, 32, 582
827, 32, 582
828, 20, 364
829, 27, 491
830, 27, 491
831, 21, 382
832, 39, 709
833, 43, 782
834, 41, 745
835, 37, 673
836, 32, 582
837, 22, 400
838, 24, 436
839, 14, 255
840, 21, 382
841, 26, 473
842, 18, 327
843, 26, 473
844, 44, 800
845, 30, 545
846, 30, 545
847, 31, 564
848, 29, 527
849, 27, 491
850, 19, 345
851, 32, 582
852, 31, 564
853, 33, 600
854, 25, 455
855, 35, 636
856, 35, 636
857, 27, 491
858, 22, 400
859, 22, 400
860, 18, 327
861, 38, 691
862, 30, 545
863, 30, 545
864, 22, 400
865, 32, 582
866, 26, 473
867, 31, 564
868, 36, 655
869, 16, 291
870, 20, 364
871, 23, 418
872, 36, 655
873, 27, 491
874, 32, 582
875, 39, 709
876, 20, 364
877, 39, 709
878, 22, 400
879, 24, 436
880, 22, 400
881, 34, 618
882, 30, 545
883, 38, 691
884, 31, 564
885, 42, 764
886, 15, 273
887, 18, 327
888, 36, 655
889, 29, 527
890, 27, 491
891, 41, 745
892, 39, 709
893, 28, 509
894, 31, 564
895, 26, 473
896, 25, 455
897, 51, 927
898, 26, 473
899, 27, 491
900, 19, 345
901, 22, 400
902, 32, 582
903, 26, 473
904, 37, 673
905, 32, 582
906, 21, 382
907, 23, 418
908, 20, 364
909, 27, 491
910, 29, 527
911, 30, 545
912, 33, 600
913, 31, 564
914, 33, 600
915, 24, 436
916, 29, 527
917, 40, 727
918, 22, 400
919, 30, 545
920, 16, 291
921, 24, 436
922, 26, 473
923, 28, 509
924, 35, 636
925, 22, 400
926, 26, 473
927, 27, 491
928, 29, 527
929, 25, 455
930, 23, 418
931, 24, 436
932, 32, 582
933, 46, 836
934, 25, 455
935, 37, 673
936, 22, 400
937, 22, 400
938, 14, 255
939, 24, 436
940, 55, 1000
941, 33, 600
942, 25, 455
943, 23, 418
944, 16, 291
945, 39, 709
946, 36, 655
947, 18, 327
948, 31, 564
949, 28, 509
950, 21, 382
951, 26, 473
952, 42, 764
953, 24, 436
954, 30, 545
955, 32, 582
956, 16, 291
957, 18, 327
958, 23, 418
959, 26, 473
960, 14, 255
961, 26, 473
962, 26, 473
963, 29, 527
964, 26, 473
965, 30, 545
966, 34, 618
967, 12, 218
968, 29, 527
969, 27, 491
970, 19, 345
971, 22, 400
972, 21, 382
973, 29, 527
974, 23, 418
975, 31, 564
976, 26, 473
977, 27, 491
978, 22, 400
979, 24, 436
980, 23, 418
981, 24, 436
982, 29, 527
983, 38, 691
984, 44, 800
985, 20, 364
986, 30, 545
987, 23, 418
988, 31, 564
989, 28, 509
990, 32, 582
991, 30, 545
992, 28, 509
993, 21, 382
994, 24, 436
995, 24, 436
996, 33, 600
997, 25, 455
998, 24, 436
999, 18, 327
1000, 31, 564
1001, 29, 527
1002, 23, 418
1003, 29, 527
1004, 36, 655
1005, 36, 655
1006, 49, 891
1007, 24, 436
1008, 36, 655
1009, 22, 400
1010, 29, 527
