EM6 Datafile
Version 2.2
 0 
 1 



 55 
1, 27, 491
2, 16, 291
3, 26, 473
4, 28, 509
5, 22, 400
6, 28, 509
7, 38, 691
8, 33, 600
9, 28, 509
10, 31, 564
11, 38, 691
12, 39, 709
13, 39, 709
14, 35, 636
15, 35, 636
16, 35, 636
17, 36, 655
18, 40, 727
19, 34, 618
20, 64, 1164
21, 43, 782
22, 37, 673
23, 34, 618
24, 31, 564
25, 27, 491
26, 35, 636
27, 22, 400
28, 34, 618
29, 25, 455
30, 37, 673
31, 47, 855
32, 37, 673
33, 45, 818
34, 36, 655
35, 38, 691
36, 37, 673
37, 40, 727
38, 45, 818
39, 40, 727
40, 34, 618
41, 39, 709
42, 51, 927
43, 39, 709
44, 31, 564
45, 40, 727
46, 33, 600
47, 41, 745
48, 41, 745
49, 42, 764
50, 37, 673
51, 51, 927
52, 42, 764
53, 50, 909
54, 55, 1000
55, 53, 964
56, 64, 1164
57, 72, 1309
58, 54, 982
59, 46, 836
60, 40, 727
61, 48, 873
62, 49, 891
63, 71, 1291
64, 62, 1127
65, 62, 1127
66, 49, 891
67, 45, 818
68, 62, 1127
69, 54, 982
70, 47, 855
71, 45, 818
72, 57, 1036
73, 65, 1182
74, 56, 1018
75, 39, 709
76, 69, 1255
77, 49, 891
78, 44, 800
79, 46, 836
80, 43, 782
81, 26, 473
82, 54, 982
83, 49, 891
84, 57, 1036
85, 52, 945
86, 63, 1145
87, 53, 964
88, 46, 836
89, 50, 909
90, 54, 982
91, 81, 1473
92, 67, 1218
93, 60, 1091
94, 52, 945
95, 57, 1036
96, 70, 1273
97, 63, 1145
98, 71, 1291
99, 76, 1382
100, 50, 909
101, 71, 1291
102, 75, 1364
103, 58, 1055
104, 89, 1618
105, 49, 891
106, 51, 927
107, 63, 1145
108, 50, 909
109, 49, 891
110, 58, 1055
111, 61, 1109
112, 79, 1436
113, 64, 1164
114, 86, 1564
115, 89, 1618
116, 83, 1509
117, 64, 1164
118, 76, 1382
119, 65, 1182
120, 84, 1527
121, 61, 1109
122, 69, 1255
123, 67, 1218
124, 78, 1418
125, 73, 1327
126, 75, 1364
127, 78, 1418
128, 84, 1527
129, 80, 1455
130, 64, 1164
131, 88, 1600
132, 83, 1509
133, 61, 1109
134, 84, 1527
135, 65, 1182
136, 69, 1255
137, 113, 2055
138, 65, 1182
139, 99, 1800
140, 55, 1000
141, 83, 1509
142, 87, 1582
143, 103, 1873
144, 75, 1364
145, 86, 1564
146, 92, 1673
147, 99, 1800
148, 80, 1455
149, 76, 1382
150, 67, 1218
151, 80, 1455
152, 73, 1327
153, 63, 1145
154, 71, 1291
155, 58, 1055
156, 72, 1309
157, 97, 1764
158, 68, 1236
159, 89, 1618
160, 76, 1382
161, 78, 1418
162, 99, 1800
163, 102, 1855
164, 70, 1273
165, 86, 1564
166, 68, 1236
167, 75, 1364
168, 66, 1200
169, 110, 2000
170, 56, 1018
171, 83, 1509
172, 98, 1782
173, 102, 1855
174, 70, 1273
175, 76, 1382
176, 84, 1527
177, 105, 1909
178, 80, 1455
179, 98, 1782
180, 82, 1491
181, 97, 1764
182, 81, 1473
183, 91, 1655
184, 65, 1182
185, 94, 1709
186, 78, 1418
187, 114, 2073
188, 87, 1582
189, 97, 1764
190, 66, 1200
191, 94, 1709
192, 67, 1218
193, 99, 1800
194, 70, 1273
195, 103, 1873
196, 67, 1218
197, 91, 1655
198, 81, 1473
199, 102, 1855
200, 53, 964
201, 86, 1564
202, 62, 1127
203, 100, 1818
204, 61, 1109
205, 88, 1600
206, 67, 1218
207, 95, 1727
208, 59, 1073
209, 97, 1764
210, 54, 982
211, 89, 1618
212, 53, 964
213, 86, 1564
214, 41, 745
215, 103, 1873
216, 64, 1164
217, 110, 2000
218, 46, 836
219, 104, 1891
220, 45, 818
221, 114, 2073
222, 45, 818
223, 88, 1600
224, 46, 836
225, 109, 1982
226, 41, 745
227, 118, 2145
228, 31, 564
229, 105, 1909
230, 39, 709
231, 113, 2055
232, 35, 636
233, 87, 1582
234, 25, 455
235, 106, 1927
236, 25, 455
237, 113, 2055
238, 34, 618
239, 107, 1945
240, 28, 509
241, 86, 1564
242, 24, 436
243, 80, 1455
244, 25, 455
245, 87, 1582
246, 30, 545
247, 107, 1945
248, 16, 291
249, 85, 1545
250, 21, 382
251, 82, 1491
252, 28, 509
253, 75, 1364
254, 29, 527
255, 79, 1436
256, 20, 364
257, 95, 1727
258, 29, 527
259, 74, 1345
260, 24, 436
261, 74, 1345
262, 19, 345
263, 60, 1091
264, 28, 509
265, 52, 945
266, 14, 255
267, 55, 1000
268, 23, 418
269, 66, 1200
270, 10, 182
271, 54, 982
272, 27, 491
273, 44, 800
274, 22, 400
275, 38, 691
276, 18, 327
277, 53, 964
278, 41, 745
279, 27, 491
280, 15, 273
281, 30, 545
282, 14, 255
283, 44, 800
284, 19, 345
285, 29, 527
286, 21, 382
287, 21, 382
288, 7, 127
289, 23, 418
290, 11, 200
291, 21, 382
292, 15, 273
293, 29, 527
294, 14, 255
295, 27, 491
296, 31, 564
297, 22, 400
298, 21, 382
299, 16, 291
300, 19, 345
301, 23, 418
302, 17, 309
303, 23, 418
304, 16, 291
305, 16, 291
306, 17, 309
307, 25, 455
308, 22, 400
309, 23, 418
310, 25, 455
311, 22, 400
312, 15, 273
313, 22, 400
314, 16, 291
315, 24, 436
316, 21, 382
317, 20, 364
318, 19, 345
319, 15, 273
320, 16, 291
321, 30, 545
322, 18, 327
323, 17, 309
324, 18, 327
325, 21, 382
326, 25, 455
327, 22, 400
328, 11, 200
329, 20, 364
330, 23, 418
331, 21, 382
332, 17, 309
333, 19, 345
334, 15, 273
335, 15, 273
336, 11, 200
337, 18, 327
338, 38, 691
339, 24, 436
340, 25, 455
341, 25, 455
342, 18, 327
343, 21, 382
344, 12, 218
345, 29, 527
346, 10, 182
347, 24, 436
348, 17, 309
349, 21, 382
350, 16, 291
351, 26, 473
352, 29, 527
353, 11, 200
354, 21, 382
355, 13, 236
356, 18, 327
357, 23, 418
358, 15, 273
359, 29, 527
360, 18, 327
361, 23, 418
362, 11, 200
363, 21, 382
364, 15, 273
365, 20, 364
366, 18, 327
367, 19, 345
368, 26, 473
369, 12, 218
370, 22, 400
371, 17, 309
372, 19, 345
373, 22, 400
374, 23, 418
375, 17, 309
376, 18, 327
377, 27, 491
378, 18, 327
379, 14, 255
380, 12, 218
381, 19, 345
382, 17, 309
383, 19, 345
384, 23, 418
385, 29, 527
386, 20, 364
387, 22, 400
388, 11, 200
389, 21, 382
390, 21, 382
391, 14, 255
392, 15, 273
393, 25, 455
394, 17, 309
395, 15, 273
396, 16, 291
397, 17, 309
398, 22, 400
399, 9, 164
400, 26, 473
401, 21, 382
402, 25, 455
