EM6 Datafile
Version 2.2
 0 
 1 



 55 
1, 14, 255
2, 13, 236
3, 11, 200
4, 24, 436
5, 15, 273
6, 20, 364
7, 22, 400
8, 22, 400
9, 25, 455
10, 16, 291
11, 27, 491
12, 17, 309
13, 27, 491
14, 23, 418
15, 19, 345
16, 21, 382
17, 15, 273
18, 30, 545
19, 21, 382
20, 14, 255
21, 24, 436
22, 29, 527
23, 23, 418
24, 34, 618
25, 19, 345
26, 23, 418
27, 21, 382
28, 17, 309
29, 17, 309
30, 31, 564
31, 31, 564
32, 21, 382
33, 22, 400
34, 15, 273
35, 14, 255
36, 13, 236
37, 22, 400
38, 26, 473
39, 22, 400
40, 17, 309
41, 16, 291
42, 22, 400
43, 17, 309
44, 21, 382
45, 15, 273
46, 27, 491
47, 20, 364
48, 22, 400
49, 19, 345
50, 18, 327
51, 21, 382
52, 16, 291
53, 23, 418
54, 19, 345
55, 23, 418
56, 19, 345
57, 20, 364
58, 21, 382
59, 18, 327
60, 19, 345
61, 34, 618
62, 15, 273
63, 17, 309
64, 17, 309
65, 24, 436
66, 24, 436
67, 15, 273
68, 19, 345
69, 29, 527
70, 26, 473
71, 25, 455
72, 14, 255
73, 21, 382
74, 26, 473
75, 19, 345
76, 18, 327
77, 23, 418
78, 10, 182
79, 18, 327
80, 22, 400
81, 31, 564
82, 18, 327
83, 16, 291
84, 19, 345
85, 20, 364
86, 28, 509
87, 19, 345
88, 20, 364
89, 20, 364
90, 32, 582
91, 27, 491
92, 30, 545
93, 14, 255
94, 21, 382
95, 11, 200
96, 27, 491
97, 35, 636
98, 17, 309
99, 9, 164
100, 15, 273
101, 14, 255
102, 17, 309
103, 17, 309
104, 19, 345
105, 20, 364
106, 21, 382
107, 9, 164
108, 30, 545
109, 12, 218
110, 25, 455
111, 14, 255
112, 14, 255
113, 18, 327
114, 22, 400
115, 13, 236
116, 12, 218
117, 15, 273
118, 27, 491
119, 30, 545
120, 12, 218
121, 25, 455
122, 26, 473
123, 25, 455
124, 13, 236
125, 32, 582
126, 25, 455
127, 15, 273
128, 24, 436
129, 18, 327
130, 15, 273
131, 16, 291
132, 37, 673
133, 31, 564
134, 22, 400
135, 17, 309
136, 12, 218
137, 15, 273
138, 26, 473
139, 25, 455
140, 26, 473
141, 20, 364
142, 22, 400
143, 17, 309
144, 22, 400
145, 24, 436
146, 21, 382
147, 18, 327
148, 17, 309
149, 17, 309
150, 17, 309
151, 23, 418
152, 16, 291
153, 21, 382
154, 16, 291
155, 20, 364
156, 17, 309
157, 18, 327
158, 16, 291
159, 20, 364
160, 21, 382
161, 22, 400
162, 19, 345
163, 26, 473
164, 26, 473
165, 18, 327
166, 18, 327
167, 13, 236
168, 27, 491
169, 20, 364
170, 19, 345
171, 18, 327
172, 8, 145
173, 20, 364
174, 15, 273
175, 27, 491
176, 18, 327
177, 22, 400
178, 33, 600
179, 16, 291
180, 21, 382
181, 25, 455
182, 14, 255
183, 22, 400
184, 37, 673
185, 19, 345
186, 21, 382
187, 22, 400
188, 17, 309
189, 23, 418
190, 23, 418
191, 23, 418
192, 21, 382
193, 21, 382
194, 29, 527
195, 13, 236
196, 18, 327
197, 23, 418
198, 22, 400
199, 22, 400
200, 18, 327
201, 19, 345
202, 12, 218
203, 25, 455
204, 25, 455
205, 16, 291
206, 24, 436
207, 21, 382
208, 13, 236
209, 25, 455
210, 16, 291
211, 26, 473
212, 32, 582
213, 24, 436
214, 15, 273
215, 16, 291
216, 38, 691
217, 25, 455
218, 18, 327
219, 16, 291
220, 26, 473
221, 17, 309
222, 19, 345
223, 23, 418
224, 38, 691
225, 21, 382
226, 26, 473
227, 19, 345
228, 22, 400
229, 11, 200
230, 23, 418
231, 25, 455
232, 27, 491
233, 44, 800
234, 12, 218
235, 18, 327
236, 20, 364
237, 27, 491
238, 23, 418
239, 21, 382
240, 15, 273
241, 15, 273
242, 19, 345
243, 23, 418
244, 21, 382
245, 19, 345
246, 14, 255
247, 24, 436
248, 27, 491
249, 16, 291
250, 17, 309
251, 24, 436
252, 19, 345
253, 36, 655
254, 22, 400
255, 22, 400
256, 22, 400
257, 33, 600
258, 15, 273
259, 15, 273
260, 23, 418
261, 27, 491
262, 20, 364
263, 16, 291
264, 31, 564
265, 25, 455
266, 18, 327
267, 25, 455
268, 27, 491
269, 26, 473
270, 27, 491
271, 43, 782
272, 23, 418
273, 29, 527
274, 35, 636
275, 26, 473
276, 32, 582
277, 25, 455
278, 43, 782
279, 18, 327
280, 33, 600
281, 36, 655
282, 22, 400
283, 39, 709
284, 38, 691
285, 27, 491
286, 31, 564
287, 33, 600
288, 30, 545
289, 20, 364
290, 31, 564
291, 24, 436
292, 35, 636
293, 19, 345
294, 35, 636
295, 27, 491
296, 34, 618
297, 62, 1127
298, 30, 545
299, 24, 436
300, 31, 564
301, 24, 436
302, 43, 782
303, 18, 327
304, 27, 491
305, 28, 509
306, 29, 527
307, 37, 673
308, 43, 782
309, 32, 582
310, 39, 709
311, 47, 855
312, 32, 582
313, 38, 691
314, 46, 836
315, 62, 1127
316, 45, 818
317, 40, 727
318, 49, 891
319, 46, 836
320, 33, 600
321, 43, 782
322, 40, 727
323, 36, 655
324, 48, 873
325, 35, 636
326, 67, 1218
327, 51, 927
328, 43, 782
329, 43, 782
330, 35, 636
331, 44, 800
332, 74, 1345
333, 41, 745
334, 31, 564
335, 30, 545
336, 44, 800
337, 64, 1164
338, 33, 600
339, 48, 873
340, 44, 800
341, 43, 782
342, 54, 982
343, 37, 673
344, 61, 1109
345, 64, 1164
346, 57, 1036
347, 61, 1109
348, 67, 1218
349, 66, 1200
350, 46, 836
351, 47, 855
352, 64, 1164
353, 55, 1000
354, 81, 1473
355, 68, 1236
356, 56, 1018
357, 57, 1036
358, 68, 1236
359, 44, 800
360, 71, 1291
361, 82, 1491
362, 67, 1218
363, 55, 1000
364, 63, 1145
365, 55, 1000
366, 70, 1273
367, 63, 1145
368, 47, 855
369, 72, 1309
370, 50, 909
371, 90, 1636
372, 86, 1564
373, 85, 1545
374, 79, 1436
375, 93, 1691
376, 70, 1273
377, 70, 1273
378, 73, 1327
379, 66, 1200
380, 79, 1436
381, 97, 1764
382, 85, 1545
383, 74, 1345
384, 90, 1636
385, 80, 1455
386, 50, 909
387, 85, 1545
388, 98, 1782
389, 89, 1618
390, 71, 1291
391, 85, 1545
392, 65, 1182
393, 97, 1764
394, 90, 1636
395, 114, 2073
396, 112, 2036
397, 112, 2036
398, 71, 1291
399, 103, 1873
400, 85, 1545
401, 131, 2382
402, 99, 1800
403, 103, 1873
404, 87, 1582
405, 112, 2036
406, 101, 1836
407, 109, 1982
408, 97, 1764
409, 87, 1582
410, 89, 1618
411, 98, 1782
412, 96, 1745
413, 93, 1691
414, 100, 1818
415, 100, 1818
416, 103, 1873
417, 72, 1309
418, 99, 1800
419, 81, 1473
420, 115, 2091
421, 104, 1891
422, 87, 1582
423, 115, 2091
424, 87, 1582
425, 98, 1782
426, 96, 1745
427, 102, 1855
428, 85, 1545
429, 110, 2000
430, 92, 1673
431, 97, 1764
432, 109, 1982
433, 106, 1927
434, 105, 1909
435, 117, 2127
436, 100, 1818
437, 108, 1964
438, 104, 1891
439, 91, 1655
440, 117, 2127
441, 96, 1745
442, 92, 1673
443, 101, 1836
444, 101, 1836
445, 100, 1818
446, 87, 1582
447, 96, 1745
448, 83, 1509
449, 94, 1709
450, 109, 1982
451, 117, 2127
452, 101, 1836
453, 106, 1927
454, 114, 2073
455, 83, 1509
456, 95, 1727
457, 95, 1727
458, 122, 2218
459, 106, 1927
460, 71, 1291
461, 92, 1673
462, 99, 1800
463, 99, 1800
464, 86, 1564
465, 88, 1600
466, 97, 1764
467, 87, 1582
468, 82, 1491
469, 89, 1618
470, 81, 1473
471, 75, 1364
472, 71, 1291
473, 82, 1491
474, 85, 1545
475, 88, 1600
476, 81, 1473
477, 78, 1418
478, 76, 1382
479, 102, 1855
480, 79, 1436
481, 78, 1418
482, 87, 1582
483, 76, 1382
484, 74, 1345
485, 72, 1309
486, 67, 1218
487, 93, 1691
488, 66, 1200
489, 69, 1255
490, 79, 1436
491, 68, 1236
492, 65, 1182
493, 55, 1000
494, 85, 1545
495, 81, 1473
496, 65, 1182
497, 82, 1491
498, 45, 818
499, 63, 1145
500, 67, 1218
501, 72, 1309
502, 58, 1055
503, 52, 945
504, 53, 964
505, 65, 1182
506, 60, 1091
507, 63, 1145
508, 54, 982
509, 44, 800
510, 57, 1036
511, 77, 1400
512, 62, 1127
513, 60, 1091
514, 50, 909
515, 40, 727
516, 56, 1018
517, 52, 945
518, 57, 1036
519, 55, 1000
520, 80, 1455
521, 48, 873
522, 61, 1109
523, 55, 1000
524, 44, 800
525, 51, 927
526, 56, 1018
527, 46, 836
528, 43, 782
529, 64, 1164
530, 38, 691
531, 41, 745
532, 28, 509
533, 33, 600
534, 34, 618
535, 41, 745
536, 33, 600
537, 50, 909
538, 31, 564
539, 36, 655
540, 42, 764
541, 27, 491
542, 40, 727
543, 54, 982
544, 30, 545
545, 35, 636
546, 37, 673
547, 35, 636
548, 41, 745
549, 29, 527
550, 31, 564
551, 37, 673
552, 44, 800
553, 32, 582
554, 32, 582
555, 38, 691
556, 31, 564
557, 36, 655
558, 28, 509
559, 38, 691
560, 35, 636
561, 26, 473
562, 27, 491
563, 34, 618
564, 40, 727
565, 30, 545
566, 30, 545
567, 27, 491
568, 31, 564
569, 28, 509
570, 28, 509
571, 24, 436
572, 51, 927
573, 28, 509
574, 34, 618
575, 31, 564
576, 28, 509
577, 36, 655
578, 29, 527
579, 40, 727
580, 26, 473
581, 37, 673
582, 25, 455
583, 30, 545
584, 23, 418
585, 30, 545
586, 30, 545
587, 32, 582
588, 18, 327
589, 25, 455
590, 26, 473
591, 36, 655
592, 39, 709
593, 23, 418
594, 34, 618
595, 24, 436
596, 36, 655
597, 23, 418
598, 22, 400
599, 26, 473
600, 37, 673
601, 26, 473
602, 34, 618
603, 24, 436
604, 21, 382
605, 37, 673
606, 25, 455
607, 25, 455
608, 32, 582
609, 24, 436
610, 24, 436
611, 34, 618
612, 23, 418
613, 19, 345
614, 32, 582
615, 32, 582
616, 27, 491
617, 22, 400
618, 33, 600
619, 23, 418
620, 25, 455
621, 21, 382
622, 22, 400
623, 22, 400
624, 22, 400
625, 26, 473
626, 28, 509
627, 36, 655
628, 18, 327
629, 24, 436
630, 24, 436
631, 22, 400
632, 27, 491
633, 16, 291
634, 28, 509
635, 37, 673
636, 15, 273
637, 23, 418
638, 24, 436
639, 16, 291
640, 22, 400
641, 25, 455
642, 18, 327
643, 31, 564
644, 48, 873
645, 18, 327
646, 16, 291
647, 35, 636
648, 13, 236
649, 23, 418
650, 22, 400
651, 37, 673
652, 24, 436
653, 27, 491
654, 16, 291
655, 34, 618
656, 29, 527
657, 45, 818
658, 29, 527
659, 17, 309
660, 16, 291
661, 26, 473
662, 32, 582
663, 11, 200
664, 24, 436
665, 28, 509
666, 22, 400
667, 25, 455
668, 26, 473
669, 20, 364
670, 30, 545
671, 41, 745
672, 31, 564
673, 25, 455
674, 27, 491
675, 22, 400
676, 29, 527
677, 24, 436
678, 27, 491
679, 19, 345
680, 41, 745
681, 29, 527
682, 23, 418
683, 39, 709
684, 27, 491
685, 31, 564
686, 32, 582
687, 27, 491
688, 15, 273
689, 26, 473
690, 28, 509
691, 22, 400
692, 33, 600
693, 33, 600
694, 21, 382
695, 27, 491
696, 36, 655
697, 33, 600
698, 30, 545
699, 21, 382
700, 23, 418
701, 22, 400
702, 24, 436
703, 36, 655
704, 21, 382
705, 24, 436
706, 23, 418
707, 23, 418
708, 30, 545
709, 27, 491
710, 25, 455
711, 23, 418
712, 22, 400
713, 31, 564
714, 26, 473
715, 25, 455
716, 11, 200
717, 29, 527
718, 25, 455
719, 32, 582
720, 22, 400
721, 27, 491
722, 28, 509
723, 20, 364
724, 21, 382
725, 17, 309
726, 23, 418
727, 25, 455
728, 21, 382
729, 32, 582
730, 18, 327
731, 24, 436
732, 19, 345
733, 22, 400
734, 29, 527
735, 27, 491
736, 32, 582
737, 24, 436
738, 20, 364
739, 32, 582
740, 19, 345
741, 37, 673
742, 22, 400
743, 15, 273
744, 26, 473
745, 15, 273
746, 40, 727
747, 29, 527
748, 25, 455
749, 30, 545
750, 25, 455
751, 17, 309
752, 21, 382
753, 25, 455
754, 26, 473
755, 18, 327
