EM6 Datafile
Version 2.2
 0 
 1 



 55 
1, 33, 600
2, 34, 618
3, 42, 764
4, 59, 1073
5, 49, 891
6, 47, 855
7, 68, 1236
8, 52, 945
9, 48, 873
10, 66, 1200
11, 57, 1036
12, 60, 1091
13, 52, 945
14, 63, 1145
15, 66, 1200
16, 62, 1127
17, 49, 891
18, 57, 1036
19, 44, 800
20, 49, 891
21, 46, 836
22, 49, 891
23, 52, 945
24, 59, 1073
25, 41, 745
26, 71, 1291
27, 52, 945
28, 58, 1055
29, 70, 1273
30, 46, 836
31, 56, 1018
32, 61, 1109
33, 61, 1109
34, 71, 1291
35, 58, 1055
36, 57, 1036
37, 64, 1164
38, 45, 818
39, 57, 1036
40, 78, 1418
41, 57, 1036
42, 58, 1055
43, 75, 1364
44, 84, 1527
45, 97, 1764
46, 65, 1182
47, 84, 1527
48, 48, 873
49, 69, 1255
50, 54, 982
51, 38, 691
52, 57, 1036
53, 73, 1327
54, 85, 1545
55, 61, 1109
56, 82, 1491
57, 89, 1618
58, 66, 1200
59, 80, 1455
60, 74, 1345
61, 85, 1545
62, 56, 1018
63, 71, 1291
64, 62, 1127
65, 73, 1327
66, 73, 1327
67, 107, 1945
68, 86, 1564
69, 81, 1473
70, 67, 1218
71, 97, 1764
72, 63, 1145
73, 68, 1236
74, 102, 1855
75, 86, 1564
76, 93, 1691
77, 107, 1945
78, 88, 1600
79, 97, 1764
80, 91, 1655
81, 50, 909
82, 101, 1836
83, 103, 1873
84, 103, 1873
85, 110, 2000
86, 92, 1673
87, 111, 2018
88, 129, 2345
89, 101, 1836
90, 104, 1891
91, 111, 2018
92, 125, 2273
93, 121, 2200
94, 115, 2091
95, 104, 1891
96, 136, 2473
97, 120, 2182
98, 111, 2018
99, 123, 2236
100, 125, 2273
101, 128, 2327
102, 113, 2055
103, 132, 2400
104, 126, 2291
105, 122, 2218
106, 142, 2582
107, 142, 2582
108, 125, 2273
109, 141, 2564
110, 127, 2309
111, 132, 2400
112, 141, 2564
113, 137, 2491
114, 149, 2709
115, 130, 2364
116, 139, 2527
117, 138, 2509
118, 150, 2727
119, 134, 2436
120, 148, 2691
121, 133, 2418
122, 154, 2800
123, 133, 2418
124, 168, 3055
125, 144, 2618
126, 137, 2491
127, 149, 2709
128, 160, 2909
129, 151, 2745
130, 164, 2982
131, 147, 2673
132, 154, 2800
133, 149, 2709
134, 150, 2727
135, 135, 2455
136, 132, 2400
137, 178, 3236
138, 139, 2527
139, 134, 2436
140, 131, 2382
141, 201, 3655
142, 162, 2945
143, 169, 3073
144, 155, 2818
145, 181, 3291
146, 177, 3218
147, 171, 3109
148, 165, 3000
149, 190, 3455
150, 128, 2327
151, 166, 3018
152, 169, 3073
153, 158, 2873
154, 153, 2782
155, 147, 2673
156, 160, 2909
157, 148, 2691
158, 143, 2600
159, 127, 2309
160, 190, 3455
161, 168, 3055
162, 143, 2600
163, 150, 2727
164, 159, 2891
165, 154, 2800
166, 142, 2582
167, 166, 3018
168, 132, 2400
169, 129, 2345
170, 165, 3000
171, 132, 2400
172, 142, 2582
173, 106, 1927
174, 149, 2709
175, 138, 2509
176, 139, 2527
177, 129, 2345
178, 141, 2564
179, 141, 2564
180, 149, 2709
181, 164, 2982
182, 115, 2091
183, 156, 2836
184, 126, 2291
185, 148, 2691
186, 145, 2636
187, 137, 2491
188, 160, 2909
189, 127, 2309
190, 143, 2600
191, 126, 2291
192, 152, 2764
193, 120, 2182
194, 105, 1909
195, 112, 2036
196, 110, 2000
197, 108, 1964
198, 108, 1964
199, 108, 1964
200, 105, 1909
201, 111, 2018
202, 99, 1800
203, 81, 1473
204, 112, 2036
205, 112, 2036
206, 103, 1873
207, 107, 1945
208, 104, 1891
209, 107, 1945
210, 89, 1618
211, 103, 1873
212, 79, 1436
213, 107, 1945
214, 105, 1909
215, 99, 1800
216, 76, 1382
217, 80, 1455
218, 79, 1436
219, 85, 1545
220, 90, 1636
221, 73, 1327
222, 71, 1291
223, 68, 1236
224, 64, 1164
225, 82, 1491
226, 79, 1436
227, 65, 1182
228, 84, 1527
229, 68, 1236
230, 80, 1455
231, 55, 1000
232, 70, 1273
233, 58, 1055
234, 65, 1182
235, 68, 1236
236, 69, 1255
237, 63, 1145
238, 58, 1055
239, 45, 818
240, 70, 1273
241, 59, 1073
242, 70, 1273
243, 60, 1091
244, 59, 1073
245, 54, 982
246, 53, 964
247, 42, 764
248, 48, 873
249, 51, 927
250, 60, 1091
251, 49, 891
252, 39, 709
253, 52, 945
254, 61, 1109
255, 55, 1000
256, 41, 745
257, 47, 855
258, 53, 964
259, 49, 891
260, 54, 982
261, 43, 782
262, 42, 764
263, 37, 673
264, 56, 1018
265, 50, 909
266, 45, 818
267, 40, 727
268, 48, 873
269, 42, 764
270, 41, 745
271, 38, 691
272, 78, 1418
273, 39, 709
274, 50, 909
275, 46, 836
276, 34, 618
277, 39, 709
278, 46, 836
279, 47, 855
280, 27, 491
281, 35, 636
282, 37, 673
283, 32, 582
284, 33, 600
285, 36, 655
286, 29, 527
287, 38, 691
288, 31, 564
289, 28, 509
290, 43, 782
291, 44, 800
292, 35, 636
293, 34, 618
294, 30, 545
295, 54, 982
296, 39, 709
297, 27, 491
298, 65, 1182
299, 30, 545
300, 47, 855
301, 41, 745
302, 40, 727
303, 35, 636
304, 38, 691
305, 32, 582
306, 28, 509
307, 41, 745
308, 58, 1055
309, 39, 709
310, 29, 527
311, 61, 1109
312, 36, 655
313, 32, 582
314, 48, 873
315, 44, 800
316, 45, 818
317, 51, 927
318, 52, 945
319, 51, 927
320, 50, 909
321, 55, 1000
322, 31, 564
323, 33, 600
324, 42, 764
325, 45, 818
326, 47, 855
327, 43, 782
328, 44, 800
329, 35, 636
330, 36, 655
331, 31, 564
332, 39, 709
333, 56, 1018
334, 42, 764
335, 93, 1691
336, 45, 818
337, 48, 873
338, 47, 855
339, 48, 873
340, 31, 564
341, 36, 655
342, 50, 909
343, 33, 600
344, 47, 855
345, 41, 745
346, 37, 673
347, 38, 691
348, 48, 873
349, 37, 673
350, 28, 509
351, 39, 709
352, 39, 709
353, 41, 745
354, 31, 564
355, 33, 600
356, 53, 964
357, 53, 964
358, 34, 618
359, 38, 691
360, 53, 964
361, 28, 509
362, 42, 764
363, 51, 927
364, 43, 782
365, 36, 655
366, 45, 818
367, 33, 600
368, 45, 818
369, 43, 782
370, 29, 527
371, 41, 745
372, 33, 600
373, 29, 527
374, 48, 873
375, 42, 764
376, 27, 491
377, 30, 545
378, 41, 745
379, 41, 745
380, 31, 564
381, 32, 582
382, 56, 1018
383, 46, 836
384, 58, 1055
385, 47, 855
386, 37, 673
387, 27, 491
388, 47, 855
389, 25, 455
390, 32, 582
391, 37, 673
392, 35, 636
393, 37, 673
394, 27, 491
395, 36, 655
396, 35, 636
397, 37, 673
398, 47, 855
399, 45, 818
400, 32, 582
401, 44, 800
402, 34, 618
403, 38, 691
404, 33, 600
405, 44, 800
406, 40, 727
407, 38, 691
408, 41, 745
409, 38, 691
410, 34, 618
411, 32, 582
412, 41, 745
413, 30, 545
414, 27, 491
415, 32, 582
416, 46, 836
417, 38, 691
418, 26, 473
419, 29, 527
420, 35, 636
421, 27, 491
422, 31, 564
423, 38, 691
424, 25, 455
425, 34, 618
426, 32, 582
427, 31, 564
428, 37, 673
429, 40, 727
430, 38, 691
431, 33, 600
432, 36, 655
433, 40, 727
434, 27, 491
435, 36, 655
436, 22, 400
437, 24, 436
438, 41, 745
439, 32, 582
440, 31, 564
441, 32, 582
442, 30, 545
443, 33, 600
444, 32, 582
445, 35, 636
446, 23, 418
447, 34, 618
448, 43, 782
449, 27, 491
450, 31, 564
451, 24, 436
452, 41, 745
453, 31, 564
454, 25, 455
455, 31, 564
456, 22, 400
457, 37, 673
458, 32, 582
459, 24, 436
460, 27, 491
461, 28, 509
462, 25, 455
463, 26, 473
464, 34, 618
465, 26, 473
466, 45, 818
467, 32, 582
468, 28, 509
469, 38, 691
470, 23, 418
471, 28, 509
472, 20, 364
473, 31, 564
474, 29, 527
475, 36, 655
476, 29, 527
477, 37, 673
478, 31, 564
479, 28, 509
480, 19, 345
481, 17, 309
482, 32, 582
483, 34, 618
484, 36, 655
485, 27, 491
486, 25, 455
487, 16, 291
488, 24, 436
489, 30, 545
490, 29, 527
491, 25, 455
492, 21, 382
493, 28, 509
494, 27, 491
495, 26, 473
496, 39, 709
497, 22, 400
498, 32, 582
499, 33, 600
500, 17, 309
501, 31, 564
502, 24, 436
503, 27, 491
504, 15, 273
505, 17, 309
