EM6 Datafile
Version 2.2
 0 
 1 



 55 
1, 67, 1218
2, 87, 1582
3, 62, 1127
4, 99, 1800
5, 81, 1473
6, 75, 1364
7, 84, 1527
8, 71, 1291
9, 88, 1600
10, 82, 1491
11, 74, 1345
12, 73, 1327
13, 66, 1200
14, 69, 1255
15, 83, 1509
16, 58, 1055
17, 85, 1545
18, 80, 1455
19, 95, 1727
20, 42, 764
21, 73, 1327
22, 87, 1582
23, 65, 1182
24, 72, 1309
25, 69, 1255
26, 48, 873
27, 91, 1655
28, 106, 1927
29, 80, 1455
30, 74, 1345
31, 83, 1509
32, 111, 2018
33, 102, 1855
34, 74, 1345
35, 78, 1418
36, 66, 1200
37, 93, 1691
38, 87, 1582
39, 82, 1491
40, 75, 1364
41, 97, 1764
42, 68, 1236
43, 82, 1491
44, 87, 1582
45, 99, 1800
46, 103, 1873
47, 83, 1509
48, 66, 1200
49, 103, 1873
50, 106, 1927
51, 98, 1782
52, 109, 1982
53, 145, 2636
54, 103, 1873
55, 126, 2291
56, 51, 927
57, 101, 1836
58, 120, 2182
59, 129, 2345
60, 135, 2455
61, 105, 1909
62, 114, 2073
63, 98, 1782
64, 134, 2436
65, 126, 2291
66, 109, 1982
67, 134, 2436
68, 118, 2145
69, 143, 2600
70, 132, 2400
71, 116, 2109
72, 151, 2745
73, 108, 1964
74, 118, 2145
75, 124, 2255
76, 140, 2545
77, 169, 3073
78, 127, 2309
79, 133, 2418
80, 154, 2800
81, 149, 2709
82, 170, 3091
83, 144, 2618
84, 130, 2364
85, 123, 2236
86, 163, 2964
87, 154, 2800
88, 171, 3109
89, 133, 2418
90, 147, 2673
91, 150, 2727
92, 154, 2800
93, 151, 2745
94, 139, 2527
95, 183, 3327
96, 154, 2800
97, 176, 3200
98, 184, 3345
99, 151, 2745
100, 203, 3691
101, 168, 3055
102, 198, 3600
103, 196, 3564
104, 155, 2818
105, 208, 3782
106, 174, 3164
107, 205, 3727
108, 142, 2582
109, 175, 3182
110, 151, 2745
111, 179, 3255
112, 201, 3655
113, 196, 3564
114, 175, 3182
115, 170, 3091
116, 180, 3273
117, 175, 3182
118, 174, 3164
119, 174, 3164
120, 187, 3400
121, 205, 3727
122, 213, 3873
123, 214, 3891
124, 208, 3782
125, 212, 3855
126, 192, 3491
127, 161, 2927
128, 176, 3200
129, 170, 3091
130, 185, 3364
131, 187, 3400
132, 231, 4200
133, 196, 3564
134, 189, 3436
135, 173, 3145
136, 195, 3545
137, 207, 3764
138, 209, 3800
139, 165, 3000
140, 156, 2836
141, 175, 3182
142, 203, 3691
143, 190, 3455
144, 157, 2855
145, 171, 3109
146, 188, 3418
147, 165, 3000
148, 216, 3927
149, 162, 2945
150, 198, 3600
151, 151, 2745
152, 138, 2509
153, 176, 3200
154, 180, 3273
155, 147, 2673
156, 145, 2636
157, 177, 3218
158, 153, 2782
159, 142, 2582
160, 169, 3073
161, 138, 2509
162, 156, 2836
163, 153, 2782
164, 113, 2055
165, 127, 2309
166, 120, 2182
167, 134, 2436
168, 162, 2945
169, 117, 2127
170, 149, 2709
171, 100, 1818
172, 115, 2091
173, 130, 2364
174, 112, 2036
175, 137, 2491
176, 129, 2345
177, 106, 1927
178, 99, 1800
179, 111, 2018
180, 109, 1982
181, 112, 2036
182, 95, 1727
183, 109, 1982
184, 77, 1400
185, 116, 2109
186, 85, 1545
187, 112, 2036
188, 84, 1527
189, 92, 1673
190, 90, 1636
191, 82, 1491
192, 101, 1836
193, 97, 1764
194, 119, 2164
195, 81, 1473
196, 86, 1564
197, 89, 1618
198, 74, 1345
199, 90, 1636
200, 82, 1491
201, 75, 1364
202, 63, 1145
203, 77, 1400
204, 62, 1127
205, 85, 1545
206, 82, 1491
207, 79, 1436
208, 94, 1709
209, 72, 1309
210, 67, 1218
211, 74, 1345
212, 89, 1618
213, 59, 1073
214, 75, 1364
215, 67, 1218
216, 59, 1073
217, 81, 1473
218, 68, 1236
219, 71, 1291
220, 67, 1218
221, 64, 1164
222, 67, 1218
223, 61, 1109
224, 62, 1127
225, 70, 1273
226, 52, 945
227, 65, 1182
228, 51, 927
229, 57, 1036
230, 52, 945
231, 47, 855
232, 57, 1036
233, 39, 709
234, 73, 1327
235, 51, 927
236, 50, 909
237, 65, 1182
238, 67, 1218
239, 56, 1018
240, 54, 982
241, 36, 655
242, 49, 891
243, 71, 1291
244, 44, 800
245, 54, 982
246, 40, 727
247, 51, 927
248, 37, 673
249, 62, 1127
250, 37, 673
251, 49, 891
252, 43, 782
253, 40, 727
254, 43, 782
255, 38, 691
256, 25, 455
257, 50, 909
258, 49, 891
259, 48, 873
260, 46, 836
261, 29, 527
262, 34, 618
263, 40, 727
264, 35, 636
265, 46, 836
266, 37, 673
267, 27, 491
268, 43, 782
269, 27, 491
270, 46, 836
271, 39, 709
272, 37, 673
273, 51, 927
274, 41, 745
275, 41, 745
276, 53, 964
277, 39, 709
278, 41, 745
279, 38, 691
280, 30, 545
281, 38, 691
282, 34, 618
283, 34, 618
284, 45, 818
285, 46, 836
286, 40, 727
287, 47, 855
288, 35, 636
289, 36, 655
290, 40, 727
291, 31, 564
292, 29, 527
293, 36, 655
294, 41, 745
295, 45, 818
296, 26, 473
297, 35, 636
298, 33, 600
299, 38, 691
300, 48, 873
301, 31, 564
302, 45, 818
303, 35, 636
304, 42, 764
305, 24, 436
306, 35, 636
307, 37, 673
308, 43, 782
309, 30, 545
310, 38, 691
311, 33, 600
312, 45, 818
313, 37, 673
314, 32, 582
315, 33, 600
316, 31, 564
317, 21, 382
318, 29, 527
319, 37, 673
320, 42, 764
321, 25, 455
322, 38, 691
323, 45, 818
324, 38, 691
325, 36, 655
326, 29, 527
327, 25, 455
328, 30, 545
329, 40, 727
330, 27, 491
331, 31, 564
332, 41, 745
333, 34, 618
334, 27, 491
335, 23, 418
336, 26, 473
337, 31, 564
338, 23, 418
339, 27, 491
340, 30, 545
341, 29, 527
342, 38, 691
343, 24, 436
344, 28, 509
345, 29, 527
346, 25, 455
347, 14, 255
348, 32, 582
349, 23, 418
350, 21, 382
351, 27, 491
352, 30, 545
353, 28, 509
354, 26, 473
355, 15, 273
356, 23, 418
357, 19, 345
358, 31, 564
359, 25, 455
360, 15, 273
361, 39, 709
362, 35, 636
363, 29, 527
364, 30, 545
365, 23, 418
366, 20, 364
367, 29, 527
368, 24, 436
369, 28, 509
370, 22, 400
371, 33, 600
372, 38, 691
373, 38, 691
374, 22, 400
375, 15, 273
376, 26, 473
377, 26, 473
378, 29, 527
379, 37, 673
380, 27, 491
381, 19, 345
382, 30, 545
383, 31, 564
384, 32, 582
385, 29, 527
386, 27, 491
387, 23, 418
388, 23, 418
389, 22, 400
390, 30, 545
391, 27, 491
392, 25, 455
393, 27, 491
394, 17, 309
395, 26, 473
396, 29, 527
397, 24, 436
398, 24, 436
399, 14, 255
400, 32, 582
401, 23, 418
402, 38, 691
403, 30, 545
404, 38, 691
405, 22, 400
406, 32, 582
407, 25, 455
408, 27, 491
409, 29, 527
410, 18, 327
411, 31, 564
412, 25, 455
413, 38, 691
414, 38, 691
415, 33, 600
416, 14, 255
417, 28, 509
418, 23, 418
419, 29, 527
420, 35, 636
421, 20, 364
422, 26, 473
423, 31, 564
424, 40, 727
425, 21, 382
426, 25, 455
427, 19, 345
428, 30, 545
429, 21, 382
430, 20, 364
431, 18, 327
432, 42, 764
433, 23, 418
434, 17, 309
435, 20, 364
436, 18, 327
437, 25, 455
438, 25, 455
439, 17, 309
440, 28, 509
441, 22, 400
442, 22, 400
443, 21, 382
444, 28, 509
445, 17, 309
446, 56, 1018
447, 21, 382
448, 26, 473
449, 28, 509
450, 24, 436
451, 21, 382
452, 24, 436
453, 14, 255
454, 19, 345
455, 22, 400
456, 26, 473
457, 14, 255
458, 19, 345
459, 19, 345
460, 28, 509
461, 24, 436
462, 19, 345
463, 25, 455
464, 25, 455
465, 21, 382
466, 39, 709
467, 17, 309
468, 26, 473
469, 20, 364
470, 29, 527
471, 17, 309
472, 28, 509
473, 20, 364
474, 20, 364
475, 15, 273
476, 35, 636
477, 28, 509
478, 35, 636
479, 13, 236
480, 17, 309
481, 25, 455
482, 21, 382
483, 28, 509
484, 29, 527
485, 25, 455
486, 18, 327
487, 25, 455
488, 20, 364
489, 26, 473
490, 24, 436
491, 33, 600
492, 25, 455
493, 23, 418
494, 14, 255
495, 21, 382
496, 27, 491
497, 32, 582
498, 20, 364
499, 18, 327
500, 21, 382
501, 17, 309
502, 18, 327
503, 16, 291
504, 18, 327
505, 15, 273
