EM6 Datafile
Version 2.2
 0 
 1 



 55 
1, 17, 309
2, 18, 327
3, 27, 491
4, 19, 345
5, 26, 473
6, 21, 382
7, 29, 527
8, 24, 436
9, 23, 418
10, 22, 400
11, 21, 382
12, 19, 345
13, 14, 255
14, 18, 327
15, 27, 491
16, 25, 455
17, 25, 455
18, 26, 473
19, 11, 200
20, 21, 382
21, 19, 345
22, 22, 400
23, 23, 418
24, 15, 273
25, 11, 200
26, 14, 255
27, 16, 291
28, 19, 345
29, 23, 418
30, 26, 473
31, 16, 291
32, 17, 309
33, 31, 564
34, 17, 309
35, 30, 545
36, 16, 291
37, 17, 309
38, 30, 545
39, 15, 273
40, 23, 418
41, 11, 200
42, 9, 164
43, 21, 382
44, 21, 382
45, 14, 255
46, 17, 309
47, 16, 291
48, 26, 473
49, 21, 382
50, 14, 255
51, 19, 345
52, 29, 527
53, 14, 255
54, 13, 236
55, 31, 564
56, 17, 309
57, 17, 309
58, 16, 291
59, 23, 418
60, 24, 436
61, 20, 364
62, 15, 273
63, 22, 400
64, 20, 364
65, 10, 182
66, 23, 418
67, 14, 255
68, 14, 255
69, 13, 236
70, 18, 327
71, 21, 382
72, 22, 400
73, 26, 473
74, 13, 236
75, 11, 200
76, 25, 455
77, 19, 345
78, 13, 236
79, 19, 345
80, 22, 400
81, 22, 400
82, 16, 291
83, 18, 327
84, 18, 327
85, 18, 327
86, 35, 636
87, 12, 218
88, 16, 291
89, 18, 327
90, 20, 364
91, 22, 400
92, 21, 382
93, 18, 327
94, 17, 309
95, 18, 327
96, 14, 255
97, 19, 345
98, 17, 309
99, 18, 327
100, 18, 327
101, 14, 255
102, 20, 364
103, 22, 400
104, 20, 364
105, 20, 364
106, 10, 182
107, 21, 382
108, 10, 182
109, 16, 291
110, 21, 382
111, 19, 345
112, 18, 327
113, 43, 782
114, 10, 182
115, 33, 600
116, 15, 273
117, 14, 255
118, 20, 364
119, 26, 473
120, 17, 309
121, 16, 291
122, 17, 309
123, 13, 236
124, 28, 509
125, 17, 309
126, 22, 400
127, 19, 345
128, 17, 309
129, 26, 473
130, 17, 309
131, 14, 255
132, 20, 364
133, 13, 236
134, 23, 418
135, 18, 327
136, 19, 345
137, 11, 200
138, 23, 418
139, 13, 236
140, 20, 364
141, 12, 218
142, 21, 382
143, 20, 364
144, 22, 400
145, 24, 436
146, 19, 345
147, 17, 309
148, 25, 455
149, 19, 345
150, 20, 364
151, 19, 345
152, 10, 182
153, 24, 436
154, 17, 309
155, 39, 709
156, 15, 273
157, 26, 473
158, 21, 382
159, 9, 164
160, 21, 382
161, 21, 382
162, 26, 473
163, 22, 400
164, 23, 418
165, 14, 255
166, 23, 418
167, 18, 327
168, 24, 436
169, 20, 364
170, 26, 473
171, 19, 345
172, 22, 400
173, 27, 491
174, 22, 400
175, 15, 273
176, 39, 709
177, 25, 455
178, 21, 382
179, 16, 291
180, 20, 364
181, 25, 455
182, 22, 400
183, 23, 418
184, 20, 364
185, 18, 327
186, 21, 382
187, 23, 418
188, 26, 473
189, 21, 382
190, 22, 400
191, 33, 600
192, 18, 327
193, 21, 382
194, 25, 455
195, 19, 345
196, 24, 436
197, 21, 382
198, 22, 400
199, 19, 345
200, 19, 345
201, 28, 509
202, 14, 255
203, 22, 400
204, 38, 691
205, 20, 364
206, 16, 291
207, 18, 327
208, 23, 418
209, 20, 364
210, 19, 345
211, 36, 655
212, 33, 600
213, 18, 327
214, 31, 564
215, 27, 491
216, 27, 491
217, 23, 418
218, 23, 418
219, 17, 309
220, 25, 455
221, 22, 400
222, 30, 545
223, 22, 400
224, 21, 382
225, 28, 509
226, 31, 564
227, 17, 309
228, 30, 545
229, 17, 309
230, 25, 455
231, 31, 564
232, 36, 655
233, 35, 636
234, 24, 436
235, 22, 400
236, 19, 345
237, 21, 382
238, 26, 473
239, 26, 473
240, 38, 691
241, 29, 527
242, 23, 418
243, 21, 382
244, 21, 382
245, 30, 545
246, 24, 436
247, 26, 473
248, 17, 309
249, 29, 527
250, 19, 345
251, 24, 436
252, 36, 655
253, 29, 527
254, 43, 782
255, 24, 436
256, 30, 545
257, 31, 564
258, 20, 364
259, 26, 473
260, 31, 564
261, 22, 400
262, 42, 764
263, 26, 473
264, 22, 400
265, 35, 636
266, 29, 527
267, 26, 473
268, 22, 400
269, 18, 327
270, 36, 655
271, 29, 527
272, 35, 636
273, 33, 600
274, 35, 636
275, 28, 509
276, 36, 655
277, 29, 527
278, 35, 636
279, 41, 745
280, 31, 564
281, 25, 455
282, 29, 527
283, 26, 473
284, 35, 636
285, 25, 455
286, 33, 600
287, 32, 582
288, 34, 618
289, 37, 673
290, 19, 345
291, 46, 836
292, 39, 709
293, 34, 618
294, 29, 527
295, 42, 764
296, 54, 982
297, 44, 800
298, 45, 818
299, 33, 600
300, 41, 745
301, 29, 527
302, 17, 309
303, 52, 945
304, 37, 673
305, 37, 673
306, 39, 709
307, 45, 818
308, 40, 727
309, 54, 982
310, 39, 709
311, 43, 782
312, 29, 527
313, 37, 673
314, 33, 600
315, 49, 891
316, 44, 800
317, 28, 509
318, 46, 836
319, 41, 745
320, 35, 636
321, 53, 964
322, 64, 1164
323, 50, 909
324, 34, 618
325, 53, 964
326, 39, 709
327, 42, 764
328, 39, 709
329, 50, 909
330, 49, 891
331, 58, 1055
332, 48, 873
333, 61, 1109
334, 22, 400
335, 46, 836
336, 78, 1418
337, 50, 909
338, 62, 1127
339, 57, 1036
340, 51, 927
341, 45, 818
342, 45, 818
343, 56, 1018
344, 40, 727
345, 48, 873
346, 61, 1109
347, 51, 927
348, 75, 1364
349, 65, 1182
350, 67, 1218
351, 35, 636
352, 52, 945
353, 69, 1255
354, 45, 818
355, 46, 836
356, 50, 909
357, 52, 945
358, 47, 855
359, 54, 982
360, 60, 1091
361, 47, 855
362, 67, 1218
363, 53, 964
364, 74, 1345
365, 72, 1309
366, 53, 964
367, 58, 1055
368, 65, 1182
369, 52, 945
370, 41, 745
371, 52, 945
372, 59, 1073
373, 45, 818
374, 91, 1655
375, 54, 982
376, 52, 945
377, 75, 1364
378, 52, 945
379, 59, 1073
380, 64, 1164
381, 66, 1200
382, 74, 1345
383, 62, 1127
384, 67, 1218
385, 57, 1036
386, 47, 855
387, 62, 1127
388, 59, 1073
389, 54, 982
390, 63, 1145
391, 64, 1164
392, 57, 1036
393, 52, 945
394, 57, 1036
395, 52, 945
396, 41, 745
397, 55, 1000
398, 59, 1073
399, 65, 1182
400, 60, 1091
401, 54, 982
402, 69, 1255
403, 68, 1236
404, 67, 1218
405, 49, 891
406, 61, 1109
407, 64, 1164
408, 64, 1164
409, 47, 855
410, 58, 1055
411, 54, 982
412, 53, 964
413, 81, 1473
414, 53, 964
415, 55, 1000
416, 63, 1145
417, 44, 800
418, 57, 1036
419, 63, 1145
420, 45, 818
421, 60, 1091
422, 60, 1091
423, 51, 927
424, 70, 1273
425, 50, 909
426, 61, 1109
427, 65, 1182
428, 58, 1055
429, 62, 1127
430, 77, 1400
431, 57, 1036
432, 55, 1000
433, 63, 1145
434, 47, 855
435, 66, 1200
436, 52, 945
437, 51, 927
438, 56, 1018
439, 56, 1018
440, 57, 1036
441, 57, 1036
442, 58, 1055
443, 54, 982
444, 60, 1091
445, 64, 1164
446, 73, 1327
447, 50, 909
448, 49, 891
449, 50, 909
450, 57, 1036
451, 86, 1564
452, 56, 1018
453, 63, 1145
454, 74, 1345
455, 62, 1127
456, 50, 909
457, 62, 1127
458, 58, 1055
459, 67, 1218
460, 51, 927
461, 65, 1182
462, 63, 1145
463, 68, 1236
464, 62, 1127
465, 48, 873
466, 54, 982
467, 73, 1327
468, 47, 855
469, 79, 1436
470, 57, 1036
471, 67, 1218
472, 65, 1182
473, 56, 1018
474, 64, 1164
475, 61, 1109
476, 47, 855
477, 67, 1218
478, 70, 1273
479, 60, 1091
480, 74, 1345
481, 48, 873
482, 56, 1018
483, 76, 1382
484, 53, 964
485, 52, 945
486, 60, 1091
487, 47, 855
488, 66, 1200
489, 59, 1073
490, 56, 1018
491, 42, 764
492, 63, 1145
493, 82, 1491
494, 59, 1073
495, 54, 982
496, 50, 909
497, 53, 964
498, 51, 927
499, 57, 1036
500, 60, 1091
501, 61, 1109
502, 40, 727
503, 46, 836
504, 42, 764
505, 51, 927
506, 44, 800
507, 47, 855
508, 50, 909
509, 60, 1091
510, 45, 818
511, 42, 764
512, 52, 945
513, 49, 891
514, 57, 1036
515, 32, 582
516, 52, 945
517, 57, 1036
518, 38, 691
519, 37, 673
520, 60, 1091
521, 47, 855
522, 57, 1036
523, 77, 1400
524, 46, 836
525, 39, 709
526, 57, 1036
527, 55, 1000
528, 57, 1036
529, 57, 1036
530, 47, 855
531, 45, 818
532, 40, 727
533, 53, 964
534, 47, 855
535, 50, 909
536, 68, 1236
537, 57, 1036
538, 53, 964
539, 38, 691
540, 53, 964
541, 44, 800
542, 54, 982
543, 59, 1073
544, 41, 745
545, 43, 782
546, 56, 1018
547, 47, 855
548, 49, 891
549, 46, 836
550, 42, 764
551, 44, 800
552, 48, 873
553, 42, 764
554, 44, 800
555, 69, 1255
556, 62, 1127
557, 45, 818
558, 54, 982
559, 48, 873
560, 49, 891
561, 54, 982
562, 42, 764
563, 57, 1036
564, 62, 1127
565, 62, 1127
566, 51, 927
567, 41, 745
568, 30, 545
569, 43, 782
570, 43, 782
571, 43, 782
572, 43, 782
573, 52, 945
574, 37, 673
575, 38, 691
576, 47, 855
577, 39, 709
578, 50, 909
579, 41, 745
580, 46, 836
581, 42, 764
582, 52, 945
583, 43, 782
584, 45, 818
585, 53, 964
586, 39, 709
587, 49, 891
588, 44, 800
589, 47, 855
590, 60, 1091
591, 36, 655
592, 28, 509
593, 57, 1036
594, 45, 818
595, 64, 1164
596, 47, 855
597, 48, 873
598, 45, 818
599, 56, 1018
600, 43, 782
601, 48, 873
602, 35, 636
603, 37, 673
604, 31, 564
605, 43, 782
606, 37, 673
607, 37, 673
608, 43, 782
609, 44, 800
610, 38, 691
611, 38, 691
612, 47, 855
613, 36, 655
614, 40, 727
615, 48, 873
616, 49, 891
617, 26, 473
618, 41, 745
619, 41, 745
620, 41, 745
621, 38, 691
622, 49, 891
623, 49, 891
624, 39, 709
625, 37, 673
626, 43, 782
627, 44, 800
628, 49, 891
629, 36, 655
630, 28, 509
631, 31, 564
632, 42, 764
633, 41, 745
634, 37, 673
635, 54, 982
636, 37, 673
637, 30, 545
638, 43, 782
639, 27, 491
640, 35, 636
641, 37, 673
642, 44, 800
643, 29, 527
644, 41, 745
645, 37, 673
646, 40, 727
647, 39, 709
648, 42, 764
649, 44, 800
650, 49, 891
651, 38, 691
652, 37, 673
653, 29, 527
654, 35, 636
655, 39, 709
656, 37, 673
657, 34, 618
658, 45, 818
659, 28, 509
660, 39, 709
661, 38, 691
662, 41, 745
663, 42, 764
664, 34, 618
665, 37, 673
666, 26, 473
667, 31, 564
668, 36, 655
669, 24, 436
670, 41, 745
671, 31, 564
672, 32, 582
673, 31, 564
674, 41, 745
675, 40, 727
676, 27, 491
677, 42, 764
678, 41, 745
679, 38, 691
680, 26, 473
681, 29, 527
682, 45, 818
683, 20, 364
684, 33, 600
685, 33, 600
686, 26, 473
687, 31, 564
688, 33, 600
689, 25, 455
690, 50, 909
691, 28, 509
692, 26, 473
693, 37, 673
694, 32, 582
695, 28, 509
696, 53, 964
697, 24, 436
698, 42, 764
699, 42, 764
700, 39, 709
701, 28, 509
702, 24, 436
703, 41, 745
704, 39, 709
705, 31, 564
706, 29, 527
707, 27, 491
708, 29, 527
709, 41, 745
710, 47, 855
711, 32, 582
712, 37, 673
713, 29, 527
714, 35, 636
715, 26, 473
716, 24, 436
717, 34, 618
718, 29, 527
719, 27, 491
720, 24, 436
721, 42, 764
722, 27, 491
723, 33, 600
724, 28, 509
725, 35, 636
726, 21, 382
727, 28, 509
728, 25, 455
729, 27, 491
730, 34, 618
731, 31, 564
732, 25, 455
733, 42, 764
734, 38, 691
735, 27, 491
736, 19, 345
737, 27, 491
738, 25, 455
739, 23, 418
740, 43, 782
741, 27, 491
742, 28, 509
743, 20, 364
744, 37, 673
745, 29, 527
746, 30, 545
747, 33, 600
748, 23, 418
749, 25, 455
750, 31, 564
751, 23, 418
752, 27, 491
753, 25, 455
754, 27, 491
755, 30, 545
